10.014 10.129 0.076141
10.021 9.9871 0.082402
10.026 10.021 0.093182
10.043 10.174 0.0098633
10.051 10.179 0.0070194
10.065 10.118 0.045314
10.088 10.262 0.097064
10.092 10.21 0.044103
10.097 10.111 0.060877
10.099 10.172 0.074851
10.101 10.147 0.043128
10.104 10.221 0.03117
10.12 10.108 0.084993
10.122 10.252 0.010217
10.125 10.297 0.09056
10.136 10.228 0.013386
10.137 10.247 0.031873
10.171 10.26 0.044308
10.182 10.282 0.0083647
10.188 10.32 0.056819
10.196 10.243 0.068812
10.22 10.227 0.092005
10.254 10.396 0.088257
10.254 10.287 0.070369
10.264 10.304 0.04363
10.264 10.287 0.035394
10.282 10.309 0.014624
10.283 10.272 0.082288
10.327 10.232 0.094809
10.348 10.345 0.087163
10.349 10.46 0.097621
10.359 10.208 0.09438
10.385 10.333 0.051104
10.397 10.273 0.02814
10.409 10.282 0.017268
10.411 10.301 0.065357
10.424 10.244 0.032991
10.45 10.263 0.064918
10.478 10.261 0.01757
10.494 10.323 0.088509
10.497 10.235 0.052528
10.507 10.226 0.04398
10.512 10.249 0.072782
10.535 10.203 0.074219
10.548 10.228 0.012855
10.549 10.308 0.097135
10.55 10.349 0.068585
10.554 10.179 0.054476
10.574 10.154 0.0529
10.575 10.139 0.02894
10.579 10.188 0.058751
10.582 10.202 0.065446
10.582 10.108 0.06756
10.586 10.147 0.044717
10.588 10.148 0.08772
10.599 10.176 0.092942
10.606 10.284 0.066591
10.607 10.15 0.01287
10.638 10.058 0.088944
10.646 10.034 0.041072
10.677 10.03 0.060026
10.678 10.066 1.3064e-05
10.683 10.144 0.039706
10.706 9.9439 0.062473
10.712 10.021 0.052525
10.757 10.019 0.070396
10.765 9.823 0.053429
10.769 9.9073 0.070598
10.779 9.9143 0.048494
10.78 9.8749 0.036893
10.799 9.9577 0.047638
10.803 9.8895 0.022923
10.805 9.9937 0.070774
10.808 9.8586 0.071237
10.811 9.975 0.091492
10.812 9.9565 0.099252
10.82 9.866 0.011612
10.827 9.9132 0.039497
10.829 9.855 0.047137
10.829 9.8397 0.012912
10.83 9.8487 0.028984
10.836 9.8089 0.035795
10.837 9.8072 0.061104
10.858 9.9042 0.085795
10.859 9.8094 0.0046526
10.869 9.7479 0.080188
10.881 9.7669 0.033458
10.882 9.7457 0.082775
10.903 9.7342 0.0049314
10.913 9.7537 0.026879
10.921 9.6869 0.013498
10.924 9.6206 0.09371
10.937 9.7122 0.019274
10.937 9.6812 0.007836
10.938 9.6807 0.0085324
10.953 9.4526 0.083171
10.981 9.4855 0.086199
10.992 9.6573 0.047824
10.992 9.5205 0.059716
10.997 9.591 0.013643
