0.4263 34.655 0.73736
0.43143 32.689 0.34802
0.43613 31.734 0.80902
0.44761 29.672 1.0751
0.45666 27.287 0.80564
0.46688 24.142 0.26865
0.4838 21.919 0.83164
0.49459 19.804 0.072532
0.50632 17.981 0.74087
0.50648 19.34 0.94038
0.50651 18.073 0.020832
0.50917 17.688 0.22425
0.52924 15.398 0.055971
0.54994 13.608 0.70846
0.57255 11.45 0.47139
0.57862 11.477 0.55204
0.57911 10.972 0.72387
0.59089 10.933 1.017
0.59671 10.246 0.39479
0.59797 9.6761 0.04968
0.62512 9.3959 0.78251
0.63352 7.9728 0.11019
0.63509 7.822 0.0051948
0.64381 6.9627 0.5417
0.65703 6.744 0.55797
0.6592 6.2776 0.98952
0.66864 6.4867 0.32845
0.67767 7.1303 0.8201
0.67955 5.5272 1.0612
0.68003 5.9518 1.0598
0.68103 5.6055 0.26421
0.70031 5.9797 0.88364
0.71261 3.864 1.078
0.71906 5.5561 0.65547
0.71927 4.0543 1.0428
0.7263 4.6952 0.36206
0.73426 4.6128 0.058701
0.73456 4.0175 0.77574
0.73701 5.5032 0.609
0.73824 4.3301 0.84782
0.73837 5.7379 0.92137
0.74167 3.8795 0.45004
0.74679 4.3018 0.0086036
0.75877 5.6392 0.67437
0.77131 4.0807 0.69931
0.78173 2.4928 0.68559
0.79187 3.5469 0.46438
0.84308 3.1421 0.50683
0.84872 2.9148 0.27096
0.86568 2.5361 0.01583
0.86603 2.2307 0.26473
0.86663 2.3676 0.77869
0.86754 2.2693 0.44964
0.8789 2.1537 0.40775
0.89428 2.0233 0.14279
0.91467 2.1593 1.024
0.96967 2.5091 1.0724
0.97116 1.615 0.017942
0.972 1.5579 0.16628
0.99022 1.4308 0.19882
0.99094 2.5061 0.93061
0.99437 1.5108 0.024456
1.0026 1.0777 0.42111
1.0066 1.7588 0.41945
1.0085 1.4952 0.203
1.0231 0.93765 0.29658
1.0415 1.3349 0.10542
1.0588 1.0877 0.36816
1.0591 1.4309 0.34836
1.0746 1.4081 0.14084
1.0794 1.0293 0.056426
1.083 0.9472 0.68967
1.0914 2.3104 0.82912
1.0938 0.94832 0.38571
1.0947 1.6016 0.37655
1.1009 0.75359 0.3166
1.1057 1.6614 0.54969
1.1133 1.104 0.27909
1.1171 1.6 0.7047
1.1536 0.058555 0.87885
1.2168 0.18144 0.43501
1.2511 0.75423 0.46825
1.2588 0.92336 0.18228
1.2726 0.71361 0.086548
1.283 0.80057 0.43198
1.2835 0.26214 0.71479
1.2866 0.29916 1.0978
1.2868 0.87471 0.86098
1.2886 1.0076 0.49441
1.2943 1.5599 0.87237
1.3101 0.79705 0.28118
1.3122 0.98097 0.40085
1.327 0.47262 0.1057
1.3355 0.1581 0.39341
1.3409 0.50256 0.011737
1.3518 0.5301 0.029945
1.3766 1.0822 0.41421
1.3799 0.89345 0.77196
1.3861 0.90841 0.90752
1.3927 0.49618 0.30267
